20.32451252353618,
19.179067782226465,
21.111480450277764,
25.900283172281142,
18.79741273774955,
21.01359988815589,
23.72929725223102,
22.463188753818187,
24.183561133485682,
21.661786454758815,
23.716174677587052,
20.985273045169382,
22.99239924053045,
23.17446503078877,
24.921638470267876,
23.661965734488398,
23.300550633379096,
27.888753328272024,
23.305102616484316,
21.40308128126394,
22.07208240348378,
22.089448791800024,
23.630387604470986,
25.342202483441408,
21.09061515168112,
19.286413497345272,
25.438598540821438,
22.982205412363616,
25.759162970935254,
21.35195449079068,
23.340162169387597,
25.01919424550722,
21.68319566010541,
24.898133586766566,
26.445220471836624,
22.465313291856464,
26.930866663410463,
23.107594520447456,
23.152225558201565,
23.65247666052277,
24.95442715370018,
23.67783535362278,
24.859557057514838,
23.89270197587961,
26.588901567149968,
26.671110079518517,
24.669370335441307,
24.83641228916291,
26.399794500652014,
23.25801298451001,
25.207590132877687,
29.41001889834999,
23.78476527023239,
22.966151732296513,
23.94011094972912,
22.22575170505386,
23.84561268318036,
23.52279958991601,
23.11031463927889,
23.61097379277679,
22.11254431153268,
24.456955547375262,
22.76760821612786,
21.525783519094357,
23.776200907501345,
24.695538071660515,
24.058483910500282,
23.315227748790868,
20.66960425267568,
24.62087392325019,
20.744155881116466,
21.928157088289133,
24.85950493507368,
22.46705376323243,
20.386586485478084,
23.330632758805972,
23.135028841339025,
21.927218762658374,
23.139782134683344,
20.790332590932547,
25.532582443919193,
21.64783525869362,
22.939206349555356,
24.261192089360843,
23.092276822413414,
21.961530752861744,
23.604521305864907,
21.922845822518944,
20.727848158479752,
20.607845132332255,
19.46336603168295,
21.713900537509623,
26.84275396003956,
24.169405109782744,
25.178278170285488,
25.57547036957408,
24.752985514177595,
23.732427874159484,
21.94037063849237,
23.935091043073772,
24.63773853531231,
23.214737728899845,
24.66636182808718,
21.556610311241634,
18.559767581767588,
22.659237934693973,
21.252060655089966,
22.658733587436558,
26.53724136145467,
26.77334046537181,
25.8172271873974,
25.603226625111322,
21.258260572195066,
19.75477023378495,
24.53886398836618,
19.897328348125658,
19.493184588656742,
20.947044469744643,
23.46797583702727,
25.6937604105419,
21.346738541429886,
24.09050240308795,
19.316735628810267,
21.03993174585187,
23.673186412355047
